gamma	rho	btmax	kmax	success	avg_time	avg_iters	loss	fail_reason
1.0e-06	0.30	10	2000	1	0.0261	8.65	0.1126	
1.0e-06	0.30	10	1000	1	0.0208	8.40	0.1048	
1.0e-06	0.30	10	500	1	0.0198	8.30	0.1028	
1.0e-06	0.30	20	2000	1	0.0205	8.40	0.1045	
1.0e-06	0.30	20	1000	1	0.0247	8.20	0.1067	
1.0e-06	0.30	20	500	1	0.0248	8.35	0.1083	
1.0e-06	0.30	29	2000	1	0.0197	8.45	0.1042	
1.0e-06	0.30	29	1000	1	0.0205	8.30	0.1035	
1.0e-06	0.30	29	500	1	0.0213	8.25	0.1038	
1.0e-06	0.50	18	2000	1	0.0216	8.40	0.1056	
1.0e-06	0.50	18	1000	1	0.0202	8.30	0.1032	
1.0e-06	0.50	18	500	1	0.0230	8.50	0.1080	
1.0e-06	0.50	35	2000	1	0.0221	8.25	0.1046	
1.0e-06	0.50	35	1000	1	0.0218	8.15	0.1033	
1.0e-06	0.50	35	500	1	0.0208	8.15	0.1023	
1.0e-06	0.50	52	2000	1	0.0225	8.45	0.1070	
1.0e-06	0.50	52	1000	1	0.0217	8.50	0.1067	
1.0e-06	0.50	52	500	1	0.0215	8.55	0.1070	
1.0e-06	0.80	54	2000	1	0.0211	8.20	0.1031	
1.0e-06	0.80	54	1000	1	0.0208	8.65	0.1073	
1.0e-06	0.80	54	500	1	0.0194	8.40	0.1034	
1.0e-06	0.80	108	2000	1	0.0195	8.25	0.1020	
1.0e-06	0.80	108	1000	1	0.0231	8.35	0.1066	
1.0e-06	0.80	108	500	1	0.0221	8.50	0.1071	
1.0e-06	0.80	161	2000	1	0.0225	8.55	0.1080	
1.0e-06	0.80	161	1000	1	0.0200	8.65	0.1065	
1.0e-06	0.80	161	500	1	0.0199	8.55	0.1054	
1.0e-05	0.30	1	2000	0	NaN	NaN	Inf	grad_norm_high at n=1000, start=3
1.0e-05	0.30	1	1000	0	NaN	NaN	Inf	grad_norm_high at n=1000, start=9
1.0e-05	0.30	1	500	0	NaN	NaN	Inf	grad_norm_high at n=1000, start=2
1.0e-05	0.30	10	2000	1	0.0184	8.25	0.1009	
1.0e-05	0.30	10	1000	1	0.0193	8.40	0.1033	
1.0e-05	0.30	10	500	1	0.0198	8.25	0.1023	
1.0e-05	0.30	20	2000	1	0.0193	8.25	0.1018	
1.0e-05	0.30	20	1000	1	0.0198	8.45	0.1043	
1.0e-05	0.30	20	500	1	0.0202	8.40	0.1042	
1.0e-05	0.30	29	2000	1	0.0206	8.80	0.1086	
1.0e-05	0.30	29	1000	1	0.0209	8.60	0.1069	
1.0e-05	0.30	29	500	1	0.0188	8.35	0.1023	
1.0e-05	0.50	18	2000	1	0.0203	8.40	0.1043	
1.0e-05	0.50	18	1000	1	0.0209	8.45	0.1054	
1.0e-05	0.50	18	500	1	0.0188	8.20	0.1008	
1.0e-05	0.50	35	2000	1	0.0206	8.30	0.1036	
1.0e-05	0.50	35	1000	1	0.0220	8.40	0.1060	
1.0e-05	0.50	35	500	1	0.0195	8.20	0.1015	
1.0e-05	0.50	52	2000	1	0.0197	8.25	0.1022	
1.0e-05	0.50	52	1000	1	0.0198	8.15	0.1013	
1.0e-05	0.50	52	500	1	0.0197	8.15	0.1012	
1.0e-05	0.80	54	2000	1	0.0201	8.55	0.1056	
1.0e-05	0.80	54	1000	1	0.0190	8.65	0.1055	
1.0e-05	0.80	54	500	1	0.0189	8.45	0.1034	
1.0e-05	0.80	108	2000	1	0.0188	8.20	0.1008	
1.0e-05	0.80	108	1000	1	0.0193	8.50	0.1043	
1.0e-05	0.80	108	500	1	0.0221	8.75	0.1096	
1.0e-05	0.80	161	2000	1	0.0208	8.60	0.1068	
1.0e-05	0.80	161	1000	1	0.0226	9.25	0.1151	
1.0e-05	0.80	161	500	1	0.0201	8.50	0.1051	
1.0e-04	0.30	10	2000	1	0.0202	9.00	0.1102	
1.0e-04	0.30	10	1000	1	0.0207	8.65	0.1072	
1.0e-04	0.30	10	500	1	0.0220	9.00	0.1120	
1.0e-04	0.30	20	2000	1	0.0226	9.05	0.1131	
1.0e-04	0.30	20	1000	1	0.0204	9.00	0.1104	
1.0e-04	0.30	20	500	1	0.0224	9.05	0.1129	
1.0e-04	0.30	29	2000	1	0.0222	8.95	0.1117	
1.0e-04	0.30	29	1000	1	0.0217	8.70	0.1087	
1.0e-04	0.30	29	500	1	0.0193	9.15	0.1108	
1.0e-04	0.50	18	2000	1	0.0228	9.20	0.1148	
1.0e-04	0.50	18	1000	1	0.0229	9.45	0.1174	
1.0e-04	0.50	18	500	1	0.0191	8.95	0.1086	
1.0e-04	0.50	35	2000	1	0.0198	9.15	0.1113	
1.0e-04	0.50	35	1000	1	0.0215	9.40	0.1155	
1.0e-04	0.50	35	500	1	0.0209	9.10	0.1119	
1.0e-04	0.50	52	2000	1	0.0202	9.05	0.1107	
1.0e-04	0.50	52	1000	1	0.0215	9.50	0.1165	
1.0e-04	0.50	52	500	1	0.0196	8.90	0.1086	
1.0e-04	0.80	1	2000	0	NaN	NaN	Inf	grad_norm_high at n=1000, start=2
1.0e-04	0.80	54	2000	1	0.0205	9.30	0.1135	
1.0e-04	0.80	54	1000	1	0.0235	9.35	0.1170	
1.0e-04	0.80	54	500	1	0.0266	9.75	0.1241	
1.0e-04	0.80	108	2000	1	0.0197	9.15	0.1112	
1.0e-04	0.80	108	1000	1	0.0207	9.15	0.1122	
1.0e-04	0.80	108	500	1	0.0214	9.45	0.1159	
1.0e-04	0.80	161	2000	1	0.0226	9.20	0.1146	
1.0e-04	0.80	161	1000	1	0.0219	9.45	0.1164	
1.0e-04	0.80	161	500	1	0.0223	9.70	0.1193	
1.0e-03	0.30	1	2000	0	NaN	NaN	Inf	grad_norm_high at n=1000, start=6
1.0e-03	0.30	10	2000	1	0.0195	8.90	0.1085	
1.0e-03	0.30	10	1000	1	0.0184	8.65	0.1049	
1.0e-03	0.30	10	500	1	0.0188	9.00	0.1088	
1.0e-03	0.30	20	2000	1	0.0186	9.20	0.1106	
1.0e-03	0.30	20	1000	1	0.0211	8.60	0.1071	
1.0e-03	0.30	20	500	1	0.0190	8.70	0.1060	
1.0e-03	0.30	29	2000	1	0.0196	8.80	0.1076	
1.0e-03	0.30	29	1000	1	0.0191	8.65	0.1056	
1.0e-03	0.30	29	500	1	0.0196	8.70	0.1066	
1.0e-03	0.50	18	2000	1	0.0200	8.40	0.1040	
1.0e-03	0.50	18	1000	1	0.0192	8.75	0.1067	
1.0e-03	0.50	18	500	1	0.0201	8.80	0.1081	
1.0e-03	0.50	35	2000	1	0.0189	8.70	0.1059	
1.0e-03	0.50	35	1000	1	0.0175	8.65	0.1040	
1.0e-03	0.50	35	500	1	0.0186	8.90	0.1076	
1.0e-03	0.50	52	2000	1	0.0176	8.60	0.1036	
1.0e-03	0.50	52	1000	1	0.0198	8.70	0.1068	
1.0e-03	0.50	52	500	1	0.0244	9.15	0.1159	
1.0e-03	0.80	54	2000	1	0.0191	8.90	0.1081	
1.0e-03	0.80	54	1000	1	0.0186	8.95	0.1081	
1.0e-03	0.80	54	500	1	0.0183	8.90	0.1073	
1.0e-03	0.80	108	2000	1	0.0222	8.90	0.1112	
1.0e-03	0.80	108	1000	1	0.0182	8.95	0.1077	
1.0e-03	0.80	108	500	1	0.0176	8.90	0.1066	
1.0e-03	0.80	161	2000	1	0.0195	8.95	0.1090	
1.0e-03	0.80	161	1000	1	0.0197	8.60	0.1057	
1.0e-03	0.80	161	500	1	0.0201	9.00	0.1101	
1.0e-02	0.30	1	2000	0	NaN	NaN	Inf	grad_norm_high at n=10000, start=2
1.0e-02	0.30	1	1000	0	NaN	NaN	Inf	grad_norm_high at n=10000, start=2
1.0e-02	0.30	1	500	0	NaN	NaN	Inf	grad_norm_high at n=10000, start=2
1.0e-02	0.30	10	2000	1	0.0472	15.25	0.1997	
1.0e-02	0.30	10	1000	1	0.0446	14.50	0.1896	
1.0e-02	0.30	10	500	1	0.0494	15.05	0.1999	
1.0e-02	0.30	20	2000	1	0.0471	14.95	0.1966	
1.0e-02	0.30	20	1000	1	0.0593	15.15	0.2108	
1.0e-02	0.30	20	500	1	0.0658	15.20	0.2178	
1.0e-02	0.30	29	2000	1	0.0642	15.85	0.2227	
1.0e-02	0.30	29	1000	1	0.0580	15.90	0.2170	
1.0e-02	0.30	29	500	1	0.0552	15.20	0.2072	
1.0e-02	0.50	1	2000	0	NaN	NaN	Inf	grad_norm_high at n=10000, start=2
1.0e-02	0.50	18	2000	1	0.0492	15.45	0.2037	
1.0e-02	0.50	18	1000	1	0.0493	15.10	0.2003	
1.0e-02	0.50	18	500	1	0.0497	15.40	0.2037	
1.0e-02	0.50	35	2000	1	0.0505	15.60	0.2065	
1.0e-02	0.50	35	1000	1	0.0539	16.15	0.2154	
1.0e-02	0.50	35	500	1	0.0512	15.55	0.2067	
1.0e-02	0.50	52	2000	1	0.0541	15.55	0.2096	
1.0e-02	0.50	52	1000	1	0.0554	16.10	0.2164	
1.0e-02	0.50	52	500	1	0.0514	15.45	0.2059	
1.0e-02	0.80	1	2000	0	NaN	NaN	Inf	grad_norm_high at n=10000, start=2
1.0e-02	0.80	1	1000	0	NaN	NaN	Inf	grad_norm_high at n=10000, start=2
1.0e-02	0.80	1	500	0	NaN	NaN	Inf	grad_norm_high at n=10000, start=2
1.0e-02	0.80	54	2000	1	0.0548	16.05	0.2153	
1.0e-02	0.80	54	1000	1	0.0461	15.10	0.1971	
1.0e-02	0.80	54	500	1	0.0513	15.65	0.2078	
1.0e-02	0.80	108	2000	1	0.0505	15.55	0.2060	
1.0e-02	0.80	108	1000	1	0.0511	15.50	0.2061	
1.0e-02	0.80	108	500	1	0.0521	15.35	0.2056	
1.0e-02	0.80	161	2000	1	0.0601	15.95	0.2196	
1.0e-02	0.80	161	1000	1	0.0740	15.55	0.2295	
1.0e-02	0.80	161	500	1	0.0677	16.20	0.2297	
